0.000000000000000000e+00 0.000000000000000000e+00 0.000000000000000000e+00 0.000000000000000000e+00
0.000000000000000000e+00 0.000000000000000000e+00 0.000000000000000000e+00 0.000000000000000000e+00
0.000000000000000000e+00 0.000000000000000000e+00 0.000000000000000000e+00 0.000000000000000000e+00
0.000000000000000000e+00 0.000000000000000000e+00 0.000000000000000000e+00 0.000000000000000000e+00
0.000000000000000000e+00 0.000000000000000000e+00 0.000000000000000000e+00 0.000000000000000000e+00
0.000000000000000000e+00 0.000000000000000000e+00 0.000000000000000000e+00 0.000000000000000000e+00
0.000000000000000000e+00 0.000000000000000000e+00 0.000000000000000000e+00 0.000000000000000000e+00
0.000000000000000000e+00 0.000000000000000000e+00 0.000000000000000000e+00 0.000000000000000000e+00
0.000000000000000000e+00 0.000000000000000000e+00 0.000000000000000000e+00 0.000000000000000000e+00
0.000000000000000000e+00 0.000000000000000000e+00 0.000000000000000000e+00 0.000000000000000000e+00
0.000000000000000000e+00 0.000000000000000000e+00 0.000000000000000000e+00 0.000000000000000000e+00
0.000000000000000000e+00 0.000000000000000000e+00 0.000000000000000000e+00 0.000000000000000000e+00
0.000000000000000000e+00 0.000000000000000000e+00 0.000000000000000000e+00 0.000000000000000000e+00
0.000000000000000000e+00 0.000000000000000000e+00 0.000000000000000000e+00 0.000000000000000000e+00
5.312790834052799616e-02 0.000000000000000000e+00 0.000000000000000000e+00 0.000000000000000000e+00
0.000000000000000000e+00 0.000000000000000000e+00 0.000000000000000000e+00 0.000000000000000000e+00
0.000000000000000000e+00 0.000000000000000000e+00 0.000000000000000000e+00 0.000000000000000000e+00
-2.500000000000000000e+00 -2.500000000000000000e+00 -2.500000000000000000e+00 7.950910778613498486e+00
0.000000000000000000e+00 0.000000000000000000e+00 0.000000000000000000e+00 0.000000000000000000e+00
-1.715473509774999883e+01 -1.985272169763377548e+01 9.811943302108376563e-02 8.039603368453700938e+00
0.000000000000000000e+00 0.000000000000000000e+00 0.000000000000000000e+00 0.000000000000000000e+00
-1.060656486272197191e-01 -1.509178111372084796e-01 -2.500000000000000000e+00 8.872166686800646573e+00
0.000000000000000000e+00 0.000000000000000000e+00 0.000000000000000000e+00 0.000000000000000000e+00
2.083847080354443992e+00 2.044667998790880681e+00 2.752815743687272998e-01 8.402530330163614281e+00
3.333040318340835806e-01 0.000000000000000000e+00 0.000000000000000000e+00 0.000000000000000000e+00
1.966473501437807414e+00 -2.490399153953531197e+01 6.195903166283177832e+00 7.765742987069156555e+00
2.048964187034081341e+00 -2.500000000000000000e+00 0.000000000000000000e+00 -6.617157812443505427e-02
2.067798349645390221e+00 2.006819004379104321e+00 2.941318449012479963e-01 7.202356782823735593e+00
9.699790511196695331e-01 -1.792849991820243682e-01 -2.500000000000000000e+00 -2.500000000000000000e+00
2.049354799996452314e+00 2.150872993022958202e+00 6.220533227719711178e+00 7.005606367472779539e+00
1.577118094981549312e+00 2.142441310593123482e+00 -4.562575130784423116e-01 -1.034599824150500336e+00
0.000000000000000000e+00 0.000000000000000000e+00 0.000000000000000000e+00 0.000000000000000000e+00
0.000000000000000000e+00 0.000000000000000000e+00 0.000000000000000000e+00 0.000000000000000000e+00
0.000000000000000000e+00 0.000000000000000000e+00 0.000000000000000000e+00 0.000000000000000000e+00
-2.500000000000000000e+00 -2.500000000000000000e+00 6.785335905957230018e+00 -2.500000000000000000e+00
-2.162287070581752246e+01 -2.422742114043419193e+01 7.097864551475814743e+00 2.248198635707487902e-01
0.000000000000000000e+00 0.000000000000000000e+00 0.000000000000000000e+00 0.000000000000000000e+00
0.000000000000000000e+00 0.000000000000000000e+00 0.000000000000000000e+00 0.000000000000000000e+00
5.931173577076969128e-01 7.264207961962745319e-01 7.806861957978548539e+00 -1.171397499999999958e+01
2.129245372269763070e+00 2.078292913500232153e+00 7.461134039093781922e+00 2.975862939243701377e-01
1.909181914766846511e+00 0.000000000000000000e+00 0.000000000000000000e+00 0.000000000000000000e+00
2.158782672114310408e+00 -6.775000000000000355e+00 0.000000000000000000e+00 -9.814225355936199990e-02
2.029881006449663516e+00 -1.952301520852672923e+01 8.481498562423778864e+00 3.794680156149015993e+00
1.981244594529723901e+00 2.044848460552378011e+00 8.289538256963751905e+00 3.063723040507528861e-01
-2.090000000000000191e-01 1.912649863065648770e+00 -8.597500000000000142e+00 -2.500000000000000000e+00
2.130442724997724913e+00 1.170052031853362040e+00 -2.704743765624278290e-02 7.027880865982932823e-02
2.026656563876376715e+00 2.029093988145288296e+00 9.121207909419620563e+00 6.203457381156796124e+00
0.000000000000000000e+00 0.000000000000000000e+00 0.000000000000000000e+00 0.000000000000000000e+00
0.000000000000000000e+00 0.000000000000000000e+00 0.000000000000000000e+00 0.000000000000000000e+00
0.000000000000000000e+00 0.000000000000000000e+00 0.000000000000000000e+00 0.000000000000000000e+00
0.000000000000000000e+00 0.000000000000000000e+00 0.000000000000000000e+00 0.000000000000000000e+00
0.000000000000000000e+00 0.000000000000000000e+00 0.000000000000000000e+00 0.000000000000000000e+00
0.000000000000000000e+00 0.000000000000000000e+00 0.000000000000000000e+00 0.000000000000000000e+00
0.000000000000000000e+00 0.000000000000000000e+00 0.000000000000000000e+00 0.000000000000000000e+00
0.000000000000000000e+00 0.000000000000000000e+00 0.000000000000000000e+00 0.000000000000000000e+00
0.000000000000000000e+00 0.000000000000000000e+00 0.000000000000000000e+00 0.000000000000000000e+00
0.000000000000000000e+00 0.000000000000000000e+00 0.000000000000000000e+00 0.000000000000000000e+00
0.000000000000000000e+00 0.000000000000000000e+00 0.000000000000000000e+00 0.000000000000000000e+00
0.000000000000000000e+00 0.000000000000000000e+00 0.000000000000000000e+00 0.000000000000000000e+00
0.000000000000000000e+00 0.000000000000000000e+00 0.000000000000000000e+00 0.000000000000000000e+00
0.000000000000000000e+00 0.000000000000000000e+00 0.000000000000000000e+00 0.000000000000000000e+00
0.000000000000000000e+00 0.000000000000000000e+00 0.000000000000000000e+00 0.000000000000000000e+00
0.000000000000000000e+00 0.000000000000000000e+00 0.000000000000000000e+00 0.000000000000000000e+00
0.000000000000000000e+00 0.000000000000000000e+00 0.000000000000000000e+00 0.000000000000000000e+00
0.000000000000000000e+00 0.000000000000000000e+00 0.000000000000000000e+00 0.000000000000000000e+00
0.000000000000000000e+00 0.000000000000000000e+00 0.000000000000000000e+00 0.000000000000000000e+00
-2.500000000000000000e+00 0.000000000000000000e+00 0.000000000000000000e+00 0.000000000000000000e+00
-2.500000000000000000e+00 -2.500000000000000000e+00 7.880789687918250408e-01 -1.802976142065283449e-01
-2.500000000000000000e+00 5.197969215518492447e+00 0.000000000000000000e+00 0.000000000000000000e+00
-2.500000000000000000e+00 1.077076125753969826e+01 0.000000000000000000e+00 0.000000000000000000e+00
5.972502745833966564e+00 8.830679871443694040e+00 1.970979315209161253e+00 -2.463047792646413825e+01
7.891436275924485599e+00 6.000163145494465944e+00 2.080325364239096420e+00 2.004766724711418480e+00
0.000000000000000000e+00 0.000000000000000000e+00 0.000000000000000000e+00 0.000000000000000000e+00
0.000000000000000000e+00 0.000000000000000000e+00 0.000000000000000000e+00 0.000000000000000000e+00
-2.090000000000000191e-01 -6.303759572753031559e-02 2.058626413425159285e+00 -2.500000000000000000e+00
-1.578956227742879526e-01 -1.333283666799350287e-01 1.267377112187124455e+00 2.043783818864089774e+00
2.543844577634895576e-01 7.706292486031204980e+00 -2.300583892307819056e+01 -2.162287070581752246e+01
-1.002026205051307350e-01 7.353670662965338778e+00 2.053097315370639553e+00 1.997571947590175423e+00
2.358607382823588450e-01 8.133867646950683650e+00 2.077944747015675553e+00 8.892944908878605004e-01
0.000000000000000000e+00 0.000000000000000000e+00 0.000000000000000000e+00 0.000000000000000000e+00
0.000000000000000000e+00 0.000000000000000000e+00 0.000000000000000000e+00 0.000000000000000000e+00
-2.500000000000000000e+00 0.000000000000000000e+00 0.000000000000000000e+00 0.000000000000000000e+00
0.000000000000000000e+00 0.000000000000000000e+00 0.000000000000000000e+00 0.000000000000000000e+00
-4.750000000000000000e+00 -8.597500000000000142e+00 -2.663025086769937877e-01 5.186241000862764849e+00
0.000000000000000000e+00 0.000000000000000000e+00 0.000000000000000000e+00 0.000000000000000000e+00
-6.232247654130700809e+00 5.055759495258463687e+00 -7.269005175008699027e+00 1.034429325758578155e+00
-2.500000000000000000e+00 3.624910803087863620e+00 0.000000000000000000e+00 0.000000000000000000e+00
5.769837273068114669e+00 3.991242339152342833e+00 2.051981812311487463e+00 4.034452759031787572e+00
0.000000000000000000e+00 0.000000000000000000e+00 0.000000000000000000e+00 0.000000000000000000e+00
-1.100000000000000144e-01 0.000000000000000000e+00 0.000000000000000000e+00 3.876437756809437474e+00
0.000000000000000000e+00 0.000000000000000000e+00 0.000000000000000000e+00 0.000000000000000000e+00
2.139630463792326243e+00 2.286839461512549576e+00 2.105721139214776105e+00 4.404012989140139389e+00
-1.018144370101933399e-01 5.329354303654602276e+00 -2.500000000000000000e+00 -2.500000000000000000e+00
1.989884276222884107e+00 3.977578182049319455e+00 4.588993228255864310e+00 3.943867980731939227e+00
2.093933001395655413e+00 4.806384058014851135e+00 2.160303132247849422e+00 2.193342738436773409e+00
0.000000000000000000e+00 0.000000000000000000e+00 0.000000000000000000e+00 0.000000000000000000e+00
0.000000000000000000e+00 0.000000000000000000e+00 0.000000000000000000e+00 0.000000000000000000e+00
0.000000000000000000e+00 0.000000000000000000e+00 0.000000000000000000e+00 0.000000000000000000e+00
-2.500000000000000000e+00 -2.500000000000000000e+00 3.902064546396117883e+00 0.000000000000000000e+00
-2.500000000000000000e+00 -1.023775000000000013e+01 4.200311849973467737e+00 -1.559208173869076897e-01
0.000000000000000000e+00 0.000000000000000000e+00 0.000000000000000000e+00 0.000000000000000000e+00
-2.500000000000000000e+00 1.306150551080950795e+00 -1.100000000000000144e-01 0.000000000000000000e+00
1.963760415440501284e+00 4.168563357734383246e+00 4.510289674097678336e+00 -1.947744384718742339e+01
4.649507205722664516e+00 4.022954088486104141e+00 4.024761872133156615e+00 2.076913102256523036e+00
0.000000000000000000e+00 0.000000000000000000e+00 0.000000000000000000e+00 0.000000000000000000e+00
0.000000000000000000e+00 0.000000000000000000e+00 0.000000000000000000e+00 0.000000000000000000e+00
1.348131001605634482e+00 9.870432453348028101e-01 4.236175152112667597e+00 -1.531448777499999991e+01
2.047077020000673819e+00 1.989384494756079924e+00 4.625217905724543499e+00 2.037799542160195543e+00
1.517854374835835962e+00 4.268168863055756823e+00 -2.083070457508335949e+01 -2.253807274454097609e+01
2.048639730495578348e+00 4.714646484873069809e+00 2.100424145436824652e+00 2.085240473727847377e+00
2.056661204570255919e+00 4.475100138835033547e+00 2.904645236196012448e+00 4.110024571577644004e+00
0.000000000000000000e+00 0.000000000000000000e+00 0.000000000000000000e+00 0.000000000000000000e+00
0.000000000000000000e+00 0.000000000000000000e+00 0.000000000000000000e+00 0.000000000000000000e+00
0.000000000000000000e+00 0.000000000000000000e+00 0.000000000000000000e+00 0.000000000000000000e+00
0.000000000000000000e+00 0.000000000000000000e+00 0.000000000000000000e+00 0.000000000000000000e+00
0.000000000000000000e+00 0.000000000000000000e+00 0.000000000000000000e+00 0.000000000000000000e+00
0.000000000000000000e+00 0.000000000000000000e+00 0.000000000000000000e+00 0.000000000000000000e+00
0.000000000000000000e+00 0.000000000000000000e+00 0.000000000000000000e+00 0.000000000000000000e+00
0.000000000000000000e+00 0.000000000000000000e+00 0.000000000000000000e+00 0.000000000000000000e+00
0.000000000000000000e+00 0.000000000000000000e+00 0.000000000000000000e+00 0.000000000000000000e+00
0.000000000000000000e+00 0.000000000000000000e+00 0.000000000000000000e+00 0.000000000000000000e+00
0.000000000000000000e+00 0.000000000000000000e+00 0.000000000000000000e+00 0.000000000000000000e+00
0.000000000000000000e+00 0.000000000000000000e+00 0.000000000000000000e+00 0.000000000000000000e+00
0.000000000000000000e+00 0.000000000000000000e+00 0.000000000000000000e+00 0.000000000000000000e+00
0.000000000000000000e+00 0.000000000000000000e+00 0.000000000000000000e+00 0.000000000000000000e+00
0.000000000000000000e+00 0.000000000000000000e+00 0.000000000000000000e+00 0.000000000000000000e+00
0.000000000000000000e+00 0.000000000000000000e+00 0.000000000000000000e+00 0.000000000000000000e+00
0.000000000000000000e+00 0.000000000000000000e+00 0.000000000000000000e+00 0.000000000000000000e+00
0.000000000000000000e+00 0.000000000000000000e+00 0.000000000000000000e+00 0.000000000000000000e+00
0.000000000000000000e+00 0.000000000000000000e+00 0.000000000000000000e+00 0.000000000000000000e+00
-2.500000000000000000e+00 -2.500000000000000000e+00 1.924970462563699636e+00 0.000000000000000000e+00
-4.750000000000000000e+00 -6.775000000000000355e+00 -8.556404148962594436e-02 1.854081800313205797e+00
0.000000000000000000e+00 0.000000000000000000e+00 0.000000000000000000e+00 0.000000000000000000e+00
0.000000000000000000e+00 0.000000000000000000e+00 0.000000000000000000e+00 0.000000000000000000e+00
-1.100000000000000144e-01 -1.100000000000000144e-01 2.071166232003511354e+00 -4.750000000000000000e+00
6.354048706794063195e-02 7.349617479702186956e-03 2.051566106322030070e+00 6.772689168167228546e-01
7.057485167276162485e+00 0.000000000000000000e+00 -2.500000000000000000e+00 -4.750000000000000000e+00
7.143460816317626083e+00 -1.793926158797499681e+01 6.361451281424801429e-01 8.029977126519324271e-01
8.480641637160148960e+00 4.790889333636614289e+00 1.998502950373813869e+00 -2.248809485658341245e+01
9.384570899477036932e+00 6.704550183986882850e+00 2.076941911286742215e+00 2.048216354331998446e+00
8.296384518608828529e+00 2.786473871705359429e-01 -1.928080188625974856e+01 -2.253807274454097609e+01
8.996732399215336073e+00 3.349323206058357205e-01 2.113911361908648701e+00 2.062039928636897557e+00
7.601619100885280034e+00 3.160469233889524054e-01 2.059358956335406443e+00 2.078249172118129984e+00
0.000000000000000000e+00 0.000000000000000000e+00 0.000000000000000000e+00 0.000000000000000000e+00
0.000000000000000000e+00 0.000000000000000000e+00 0.000000000000000000e+00 0.000000000000000000e+00
-2.500000000000000000e+00 0.000000000000000000e+00 0.000000000000000000e+00 0.000000000000000000e+00
0.000000000000000000e+00 0.000000000000000000e+00 0.000000000000000000e+00 0.000000000000000000e+00
-1.171397499999999958e+01 -2.036744952787039864e+01 8.173470139882750285e-01 4.638217645825442048e+00
0.000000000000000000e+00 0.000000000000000000e+00 0.000000000000000000e+00 0.000000000000000000e+00
-1.100000000000000144e-01 -1.100000000000000144e-01 -2.500000000000000000e+00 2.023058138883834456e+00
0.000000000000000000e+00 0.000000000000000000e+00 0.000000000000000000e+00 0.000000000000000000e+00
1.959312796277903113e+00 2.005929158507219867e+00 2.019657421063089764e+00 5.346226691202765835e+00
2.841163788455732586e+00 0.000000000000000000e+00 0.000000000000000000e+00 0.000000000000000000e+00
4.353443226724928117e+00 -2.108267402471300400e+01 1.550218772597108163e+00 4.017654297031217681e+00
4.263068076026309328e+00 -2.124763411757502496e+01 7.866914835949426754e-01 1.292822919754286204e+00
4.018002394095779195e+00 4.003362683150284873e+00 2.165896454205982202e+00 5.120617893737711590e+00
4.620664599321898436e+00 0.000000000000000000e+00 0.000000000000000000e+00 -4.750000000000000000e+00
4.493566187764043818e+00 2.118498487027979493e+00 5.150967854694791015e+00 4.065837822744017060e+00
4.692977188417049916e+00 2.155041303185245116e+00 2.058389269240984198e+00 2.083958697111234937e+00
0.000000000000000000e+00 0.000000000000000000e+00 0.000000000000000000e+00 0.000000000000000000e+00
0.000000000000000000e+00 0.000000000000000000e+00 0.000000000000000000e+00 0.000000000000000000e+00
0.000000000000000000e+00 0.000000000000000000e+00 0.000000000000000000e+00 0.000000000000000000e+00
-4.750000000000000000e+00 -8.597500000000000142e+00 4.246652302860849382e+00 -8.597500000000000142e+00
-1.864533542917749642e+01 -1.864533542917749642e+01 4.427165255519663667e+00 1.502141036194619472e+00
0.000000000000000000e+00 0.000000000000000000e+00 0.000000000000000000e+00 0.000000000000000000e+00
0.000000000000000000e+00 0.000000000000000000e+00 0.000000000000000000e+00 0.000000000000000000e+00
1.175084491312028634e+00 1.477469139000122222e+00 4.427113538384849001e+00 -1.531448777499999991e+01
2.028271608562133732e+00 2.027608562110033041e+00 4.229877465133846215e+00 2.043945757122778151e+00
4.550626535977977838e+00 -6.775000000000000355e+00 -8.597500000000000142e+00 -6.775000000000000355e+00
4.401390454302771538e+00 -1.531448777499999991e+01 8.771452573482463322e-01 1.418924669046643272e+00
4.758556720853824196e+00 -6.435313499655457292e+00 4.011288197605516359e+00 -1.504089082762255813e+01
3.956690106097097814e+00 4.118905627153816695e+00 4.499408686800463464e+00 2.150336901103990783e+00
4.543905866025801821e+00 1.376787567618268815e+00 -2.196058363523577128e+01 -1.985272169763377548e+01
4.607676933994717672e+00 2.129742630746799481e+00 2.027573907096250405e+00 2.051840544123072263e+00
4.981270821220304512e+00 2.076803101856527611e+00 4.063970411992462672e+00 3.950177707487749768e+00
0.000000000000000000e+00 0.000000000000000000e+00 0.000000000000000000e+00 0.000000000000000000e+00
0.000000000000000000e+00 0.000000000000000000e+00 0.000000000000000000e+00 0.000000000000000000e+00
0.000000000000000000e+00 0.000000000000000000e+00 0.000000000000000000e+00 0.000000000000000000e+00
0.000000000000000000e+00 0.000000000000000000e+00 0.000000000000000000e+00 0.000000000000000000e+00
0.000000000000000000e+00 0.000000000000000000e+00 0.000000000000000000e+00 0.000000000000000000e+00
0.000000000000000000e+00 0.000000000000000000e+00 0.000000000000000000e+00 0.000000000000000000e+00
0.000000000000000000e+00 0.000000000000000000e+00 0.000000000000000000e+00 0.000000000000000000e+00
0.000000000000000000e+00 0.000000000000000000e+00 0.000000000000000000e+00 0.000000000000000000e+00
0.000000000000000000e+00 0.000000000000000000e+00 0.000000000000000000e+00 0.000000000000000000e+00
0.000000000000000000e+00 0.000000000000000000e+00 0.000000000000000000e+00 0.000000000000000000e+00
0.000000000000000000e+00 0.000000000000000000e+00 0.000000000000000000e+00 0.000000000000000000e+00
0.000000000000000000e+00 0.000000000000000000e+00 0.000000000000000000e+00 0.000000000000000000e+00
0.000000000000000000e+00 0.000000000000000000e+00 0.000000000000000000e+00 0.000000000000000000e+00
0.000000000000000000e+00 0.000000000000000000e+00 0.000000000000000000e+00 0.000000000000000000e+00
0.000000000000000000e+00 0.000000000000000000e+00 0.000000000000000000e+00 0.000000000000000000e+00
0.000000000000000000e+00 0.000000000000000000e+00 0.000000000000000000e+00 0.000000000000000000e+00
0.000000000000000000e+00 0.000000000000000000e+00 0.000000000000000000e+00 0.000000000000000000e+00
0.000000000000000000e+00 0.000000000000000000e+00 0.000000000000000000e+00 0.000000000000000000e+00
0.000000000000000000e+00 0.000000000000000000e+00 0.000000000000000000e+00 0.000000000000000000e+00
0.000000000000000000e+00 0.000000000000000000e+00 0.000000000000000000e+00 0.000000000000000000e+00
0.000000000000000000e+00 0.000000000000000000e+00 0.000000000000000000e+00 0.000000000000000000e+00
0.000000000000000000e+00 0.000000000000000000e+00 0.000000000000000000e+00 0.000000000000000000e+00
0.000000000000000000e+00 0.000000000000000000e+00 0.000000000000000000e+00 0.000000000000000000e+00
0.000000000000000000e+00 0.000000000000000000e+00 0.000000000000000000e+00 0.000000000000000000e+00
0.000000000000000000e+00 0.000000000000000000e+00 0.000000000000000000e+00 0.000000000000000000e+00
0.000000000000000000e+00 0.000000000000000000e+00 0.000000000000000000e+00 0.000000000000000000e+00
0.000000000000000000e+00 0.000000000000000000e+00 0.000000000000000000e+00 0.000000000000000000e+00
0.000000000000000000e+00 0.000000000000000000e+00 0.000000000000000000e+00 0.000000000000000000e+00
0.000000000000000000e+00 0.000000000000000000e+00 0.000000000000000000e+00 0.000000000000000000e+00
0.000000000000000000e+00 0.000000000000000000e+00 0.000000000000000000e+00 0.000000000000000000e+00
0.000000000000000000e+00 0.000000000000000000e+00 0.000000000000000000e+00 0.000000000000000000e+00
0.000000000000000000e+00 0.000000000000000000e+00 0.000000000000000000e+00 0.000000000000000000e+00
0.000000000000000000e+00 0.000000000000000000e+00 0.000000000000000000e+00 0.000000000000000000e+00
0.000000000000000000e+00 0.000000000000000000e+00 0.000000000000000000e+00 0.000000000000000000e+00
0.000000000000000000e+00 0.000000000000000000e+00 0.000000000000000000e+00 0.000000000000000000e+00
0.000000000000000000e+00 0.000000000000000000e+00 0.000000000000000000e+00 0.000000000000000000e+00
0.000000000000000000e+00 0.000000000000000000e+00 0.000000000000000000e+00 0.000000000000000000e+00
0.000000000000000000e+00 0.000000000000000000e+00 0.000000000000000000e+00 0.000000000000000000e+00
0.000000000000000000e+00 0.000000000000000000e+00 0.000000000000000000e+00 0.000000000000000000e+00
0.000000000000000000e+00 0.000000000000000000e+00 0.000000000000000000e+00 0.000000000000000000e+00
0.000000000000000000e+00 0.000000000000000000e+00 0.000000000000000000e+00 0.000000000000000000e+00
0.000000000000000000e+00 0.000000000000000000e+00 0.000000000000000000e+00 0.000000000000000000e+00
0.000000000000000000e+00 0.000000000000000000e+00 0.000000000000000000e+00 0.000000000000000000e+00
0.000000000000000000e+00 0.000000000000000000e+00 0.000000000000000000e+00 0.000000000000000000e+00
0.000000000000000000e+00 0.000000000000000000e+00 0.000000000000000000e+00 0.000000000000000000e+00
0.000000000000000000e+00 0.000000000000000000e+00 0.000000000000000000e+00 0.000000000000000000e+00
0.000000000000000000e+00 0.000000000000000000e+00 0.000000000000000000e+00 0.000000000000000000e+00
0.000000000000000000e+00 0.000000000000000000e+00 0.000000000000000000e+00 0.000000000000000000e+00
0.000000000000000000e+00 0.000000000000000000e+00 0.000000000000000000e+00 0.000000000000000000e+00
0.000000000000000000e+00 0.000000000000000000e+00 0.000000000000000000e+00 0.000000000000000000e+00
0.000000000000000000e+00 0.000000000000000000e+00 0.000000000000000000e+00 0.000000000000000000e+00
0.000000000000000000e+00 0.000000000000000000e+00 0.000000000000000000e+00 0.000000000000000000e+00
0.000000000000000000e+00 0.000000000000000000e+00 0.000000000000000000e+00 0.000000000000000000e+00
0.000000000000000000e+00 0.000000000000000000e+00 0.000000000000000000e+00 0.000000000000000000e+00
0.000000000000000000e+00 0.000000000000000000e+00 0.000000000000000000e+00 0.000000000000000000e+00
0.000000000000000000e+00 0.000000000000000000e+00 0.000000000000000000e+00 0.000000000000000000e+00
0.000000000000000000e+00 0.000000000000000000e+00 0.000000000000000000e+00 0.000000000000000000e+00
0.000000000000000000e+00 0.000000000000000000e+00 0.000000000000000000e+00 0.000000000000000000e+00
0.000000000000000000e+00 0.000000000000000000e+00 0.000000000000000000e+00 0.000000000000000000e+00
0.000000000000000000e+00 0.000000000000000000e+00 0.000000000000000000e+00 0.000000000000000000e+00
0.000000000000000000e+00 0.000000000000000000e+00 0.000000000000000000e+00 0.000000000000000000e+00
0.000000000000000000e+00 0.000000000000000000e+00 0.000000000000000000e+00 0.000000000000000000e+00
0.000000000000000000e+00 0.000000000000000000e+00 0.000000000000000000e+00 0.000000000000000000e+00
0.000000000000000000e+00 0.000000000000000000e+00 0.000000000000000000e+00 0.000000000000000000e+00
0.000000000000000000e+00 0.000000000000000000e+00 0.000000000000000000e+00 0.000000000000000000e+00
0.000000000000000000e+00 0.000000000000000000e+00 0.000000000000000000e+00 0.000000000000000000e+00
0.000000000000000000e+00 0.000000000000000000e+00 0.000000000000000000e+00 0.000000000000000000e+00
0.000000000000000000e+00 0.000000000000000000e+00 0.000000000000000000e+00 0.000000000000000000e+00
0.000000000000000000e+00 0.000000000000000000e+00 0.000000000000000000e+00 0.000000000000000000e+00
0.000000000000000000e+00 0.000000000000000000e+00 0.000000000000000000e+00 0.000000000000000000e+00
0.000000000000000000e+00 0.000000000000000000e+00 0.000000000000000000e+00 0.000000000000000000e+00
0.000000000000000000e+00 0.000000000000000000e+00 0.000000000000000000e+00 0.000000000000000000e+00
0.000000000000000000e+00 0.000000000000000000e+00 0.000000000000000000e+00 0.000000000000000000e+00
0.000000000000000000e+00 0.000000000000000000e+00 0.000000000000000000e+00 0.000000000000000000e+00
0.000000000000000000e+00 0.000000000000000000e+00 0.000000000000000000e+00 0.000000000000000000e+00
0.000000000000000000e+00 0.000000000000000000e+00 0.000000000000000000e+00 0.000000000000000000e+00
0.000000000000000000e+00 0.000000000000000000e+00 0.000000000000000000e+00 0.000000000000000000e+00
0.000000000000000000e+00 0.000000000000000000e+00 0.000000000000000000e+00 0.000000000000000000e+00
0.000000000000000000e+00 0.000000000000000000e+00 0.000000000000000000e+00 0.000000000000000000e+00
0.000000000000000000e+00 0.000000000000000000e+00 0.000000000000000000e+00 0.000000000000000000e+00
0.000000000000000000e+00 0.000000000000000000e+00 0.000000000000000000e+00 0.000000000000000000e+00
